-0.00000000
-0.00000000
-0.00000000
-0.00000000
-0.00000000
-0.00000000
-0.00000000
-0.00000000
-0.00000000
-0.00000000
-0.00000000
-0.00000000
-0.00000000
-0.00000000
-0.00000000
-0.00000000
-0.00000000
-0.00000000
-0.00000000
-0.00000000
-0.00000000
-0.00000000
-0.00000000
-0.00000000
-0.00000000
-0.00000000
-0.00000000
-0.00000000
-0.00000000
-0.00000000
-0.00000000
-0.00000000
-0.00000000
-0.00000000
-0.00000000
-0.00000000
-0.00000000
-0.00000000
-0.00000000
-0.00000000
-0.00000000
-0.00000000
-0.00000000
-0.00000000
-0.00000000
-0.00000000
-0.00000000
-0.00000000
-0.00000000
-0.00000000
-0.00000000
-0.00000000
-0.00000000
-0.00000000
-0.00000000
-0.00000000
-0.00000000
-0.00000000
-0.00000000
-0.00000000
-0.00000000
-0.00000000
-0.00000000
-0.00000000
-0.00000000
-0.00000000
-0.00000000
-0.00000000
-0.00000000
-0.00000000
-0.00000000
-0.00000000
-0.00000000
-0.00000000
-0.00000000
-0.00000000
-0.00000000
-0.00000000
-0.00000000
-0.00000000
-0.00000000
-0.00000000
-0.00000000
-0.00000000
-0.00000000
-0.00000000
-0.00000000
-0.00000000
-0.00000000
-0.00000000
-0.00000000
-0.00000000
-0.00000000
-0.00000000
-0.00000000
-0.00000000
-0.00000000
-0.00000000
-0.00000000
-0.00000000
-0.00000000
-0.00000000
-0.00000000
-0.00000000
-0.00000000
-0.00000000
-0.00000000
-0.00000000
-0.00000000
-0.00000000
-0.00000000
-0.00000000
-0.00000000
-0.00000000
-0.00000000
-0.00000000
-0.00000000
-0.00000000
-0.00000000
-0.00000001
-0.00000002
-0.00000005
-0.00000014
-0.00000039
-0.00000105
-0.00000276
-0.00000700
-0.00001720
-0.00004080
-0.00009355
-0.00020724
-0.00044344
-0.00091621
-0.00182741
-0.00351715
-0.00652941
-0.01168605
-0.02015177
-0.03345804
-0.05343836
-0.08201697
-0.12080193
-0.17045584
-0.22989610
-0.29545674
-0.36025214
-0.41405460
-0.44399163
-0.43625003
-0.37871826
-0.26418331
-0.09335915
0.12314289
0.36472392
0.60303819
0.80640966
0.94562006
0.99969959
0.96031487
0.83354473
0.63858074
0.40370113
0.16059794
-0.06151677
-0.24059498
-0.36438301
-0.43068257
-0.44563061
-0.42077738
-0.36986375
-0.30605361
-0.24006534
-0.17932731
-0.12798509
-0.08747850
-0.05736583
-0.03614281
-0.02190239
-0.01277747
-0.00718133
-0.00389078
-0.00203312
-0.00102513
-0.00049893
-0.00023447
-0.00010643
-0.00004667
-0.00001978
-0.00000810
-0.00000321
-0.00000123
-0.00000045
-0.00000016
-0.00000006
-0.00000002
-0.00000001
-0.00000000
-0.00000000
-0.00000000
-0.00000000
-0.00000000
-0.00000000
-0.00000000
-0.00000000
-0.00000000
-0.00000000
-0.00000000
-0.00000000
-0.00000000
-0.00000000
-0.00000000
-0.00000000
-0.00000000
-0.00000000
-0.00000000
-0.00000000
-0.00000000
-0.00000000
-0.00000000
-0.00000000
-0.00000000
-0.00000000
-0.00000000
-0.00000000
-0.00000000
-0.00000000
-0.00000000
-0.00000000
-0.00000000
-0.00000000
-0.00000000
-0.00000000
-0.00000000
-0.00000000
-0.00000000
-0.00000000
-0.00000000
-0.00000000
-0.00000000
-0.00000000
-0.00000000
-0.00000000
-0.00000000
-0.00000000
-0.00000000
-0.00000000
-0.00000000
-0.00000000
-0.00000000
-0.00000000
-0.00000000
-0.00000000
-0.00000000
-0.00000000
-0.00000000
-0.00000000
-0.00000000
-0.00000000
-0.00000000
-0.00000000
-0.00000000
-0.00000000
-0.00000000
-0.00000000
-0.00000000
-0.00000000
-0.00000000
-0.00000000
-0.00000000
-0.00000000
-0.00000000
-0.00000000
-0.00000000
-0.00000000
-0.00000000
-0.00000000
-0.00000000
-0.00000000
-0.00000000
-0.00000000
-0.00000000
-0.00000000
-0.00000000
-0.00000000
-0.00000000
-0.00000000
-0.00000000
-0.00000000
-0.00000000
-0.00000000
-0.00000000
-0.00000000
-0.00000000
-0.00000000
-0.00000000
-0.00000000
-0.00000000
-0.00000000
-0.00000000
-0.00000000
-0.00000000
-0.00000000
-0.00000000
-0.00000000
-0.00000000
-0.00000000
-0.00000000
-0.00000000
-0.00000000
-0.00000000
-0.00000000
-0.00000000
-0.00000000
-0.00000000
-0.00000000
-0.00000000
-0.00000000
-0.00000000
-0.00000000
-0.00000000
-0.00000000
-0.00000000
-0.00000000
-0.00000000
-0.00000000
-0.00000000
-0.00000000
-0.00000000
-0.00000000
-0.00000000
-0.00000000
-0.00000000
-0.00000000
-0.00000000
-0.00000000
-0.00000000
-0.00000000
-0.00000000
-0.00000000
-0.00000000
-0.00000000
-0.00000000
-0.00000000
-0.00000000
-0.00000000
-0.00000000
-0.00000000
-0.00000000
-0.00000000
-0.00000000
-0.00000000
-0.00000000
-0.00000000
-0.00000000
-0.00000000
-0.00000000
-0.00000000
-0.00000000
-0.00000000
-0.00000000
-0.00000000
-0.00000000
-0.00000000
-0.00000000
-0.00000000
-0.00000000
-0.00000000
-0.00000000
-0.00000000
-0.00000000
-0.00000000
-0.00000000
-0.00000000
-0.00000000
-0.00000000
-0.00000000
-0.00000000
-0.00000000
-0.00000000
-0.00000000
-0.00000000
-0.00000000
-0.00000000
-0.00000000
-0.00000000
-0.00000000
-0.00000000
-0.00000000
-0.00000000
-0.00000000
-0.00000000
-0.00000000
-0.00000000
-0.00000000
-0.00000000
-0.00000000
-0.00000000
-0.00000000
-0.00000000
-0.00000000
-0.00000000
-0.00000000
-0.00000000
-0.00000000
-0.00000000
-0.00000000
-0.00000000
-0.00000000
-0.00000000
-0.00000000
-0.00000000
-0.00000000
-0.00000000
-0.00000000
-0.00000000
-0.00000000
-0.00000000
-0.00000000
-0.00000000
-0.00000000
-0.00000000
-0.00000000
-0.00000000
-0.00000000
-0.00000000
-0.00000000
-0.00000000
-0.00000000
-0.00000000
-0.00000000
-0.00000000
-0.00000000
-0.00000000
-0.00000000
-0.00000000
-0.00000000
-0.00000000
-0.00000000
-0.00000000
-0.00000000
-0.00000000
-0.00000000
-0.00000000
-0.00000000
-0.00000000
-0.00000000
-0.00000000
-0.00000000
-0.00000000
-0.00000000
-0.00000000
-0.00000000
-0.00000000
-0.00000000
-0.00000000
-0.00000000
-0.00000000
-0.00000000
-0.00000000
-0.00000000
-0.00000000
-0.00000000
-0.00000000
-0.00000000
-0.00000000
-0.00000000
-0.00000000
-0.00000000
-0.00000000
-0.00000000
-0.00000000
-0.00000000
-0.00000000
-0.00000000
-0.00000000
-0.00000000
-0.00000000
-0.00000000
-0.00000000
-0.00000000
-0.00000000
-0.00000000
-0.00000000
-0.00000000
-0.00000000
-0.00000000
-0.00000000
-0.00000000
-0.00000000
-0.00000000
-0.00000000
-0.00000000
-0.00000000
-0.00000000
-0.00000000
-0.00000000
-0.00000000
-0.00000000
-0.00000000
-0.00000000
-0.00000000
-0.00000000
-0.00000000
-0.00000000
-0.00000000
-0.00000000
-0.00000000
-0.00000000
-0.00000000
-0.00000000
-0.00000000
-0.00000000
-0.00000000
-0.00000000
-0.00000000
-0.00000000
-0.00000000
-0.00000000
-0.00000000
-0.00000000
-0.00000000
-0.00000000
-0.00000000
-0.00000000
-0.00000000
-0.00000000
-0.00000000
-0.00000000
-0.00000000
-0.00000000
-0.00000000
-0.00000000
-0.00000000
-0.00000000
-0.00000000
-0.00000000
-0.00000000
-0.00000000
-0.00000000
-0.00000000
-0.00000000
-0.00000000
-0.00000000
-0.00000000
-0.00000000
-0.00000000
-0.00000000
-0.00000000
-0.00000000
-0.00000000
-0.00000000
-0.00000000
-0.00000000
-0.00000000
-0.00000000
-0.00000000
-0.00000000
-0.00000000
-0.00000000
-0.00000000
-0.00000000
-0.00000000
-0.00000000
-0.00000000
-0.00000000
-0.00000000
-0.00000000
-0.00000000
-0.00000000
-0.00000000
-0.00000000
-0.00000000
-0.00000000
-0.00000000
-0.00000000
-0.00000000
-0.00000000
-0.00000000
-0.00000000
-0.00000000
-0.00000000
-0.00000000
-0.00000000
-0.00000000
-0.00000000
-0.00000000
-0.00000000
-0.00000000
-0.00000000
-0.00000000
-0.00000000
-0.00000000
-0.00000000
-0.00000000
-0.00000000
-0.00000000
-0.00000000
-0.00000000
-0.00000000
-0.00000000
-0.00000000
-0.00000000
-0.00000000
-0.00000000
-0.00000000
-0.00000000
-0.00000000
-0.00000000
-0.00000000
-0.00000000
-0.00000000
-0.00000000
-0.00000000
-0.00000000
-0.00000000
-0.00000000
-0.00000000
-0.00000000
-0.00000000
-0.00000000
-0.00000000
-0.00000000
-0.00000000
-0.00000000
-0.00000000
-0.00000000
-0.00000000
-0.00000000
-0.00000000
-0.00000000
-0.00000000
-0.00000000
-0.00000000
-0.00000000
-0.00000000
-0.00000000
-0.00000000
-0.00000000
-0.00000000
-0.00000000
-0.00000000
-0.00000000
-0.00000000
-0.00000000
-0.00000000
-0.00000000
-0.00000000
-0.00000000
-0.00000000
-0.00000000
-0.00000000
-0.00000000
-0.00000000
-0.00000000
-0.00000000
-0.00000000
-0.00000000
-0.00000000
-0.00000000
-0.00000000
-0.00000000
-0.00000000
-0.00000000
-0.00000000
-0.00000000
-0.00000000
-0.00000000
-0.00000000
-0.00000000
-0.00000000
-0.00000000
-0.00000000
-0.00000000
-0.00000000
-0.00000000
-0.00000000
-0.00000000
-0.00000000
-0.00000000
-0.00000000
-0.00000000
-0.00000000
-0.00000000
-0.00000000
-0.00000000
-0.00000000
-0.00000000
-0.00000000
-0.00000000
-0.00000000
-0.00000000
-0.00000000
-0.00000000
-0.00000000
-0.00000000
-0.00000000
-0.00000000
-0.00000000
-0.00000000
-0.00000000
-0.00000000
-0.00000000
-0.00000000
-0.00000000
-0.00000000
-0.00000000
-0.00000000
-0.00000000
-0.00000000
-0.00000000
-0.00000000
-0.00000000
-0.00000000
-0.00000000
-0.00000000
-0.00000000
-0.00000000
-0.00000000
-0.00000000
-0.00000000
-0.00000000
-0.00000000
-0.00000000
-0.00000000
-0.00000000
-0.00000000
-0.00000000
-0.00000000
-0.00000000
-0.00000000
-0.00000000
-0.00000000
-0.00000000
-0.00000000
-0.00000000
-0.00000000
-0.00000000
-0.00000000
-0.00000000
-0.00000000
-0.00000000
-0.00000000
-0.00000000
-0.00000000
-0.00000000
-0.00000000
-0.00000000
-0.00000000
-0.00000000
-0.00000000
-0.00000000
-0.00000000
-0.00000000
-0.00000000
-0.00000000
-0.00000000
-0.00000000
-0.00000000
-0.00000000
-0.00000000
-0.00000000
-0.00000000
-0.00000000
-0.00000000
-0.00000000
-0.00000000
-0.00000000
-0.00000000
-0.00000000
-0.00000000
-0.00000000
-0.00000000
-0.00000000
-0.00000000
-0.00000000
-0.00000000
-0.00000000
-0.00000000
-0.00000000
-0.00000000
-0.00000000
-0.00000000
-0.00000000
-0.00000000
-0.00000000
-0.00000000
-0.00000000
-0.00000000
-0.00000000
-0.00000000
-0.00000000
-0.00000000
-0.00000000
-0.00000000
-0.00000000
-0.00000000
-0.00000000
-0.00000000
-0.00000000
-0.00000000
-0.00000000
-0.00000000
-0.00000000
-0.00000000
-0.00000000
-0.00000000
-0.00000000
-0.00000000
-0.00000000
-0.00000000
-0.00000000
-0.00000000
-0.00000000
-0.00000000
-0.00000000
-0.00000000
-0.00000000
-0.00000000
-0.00000000
-0.00000000
-0.00000000
-0.00000000
-0.00000000
-0.00000000
-0.00000000
-0.00000000
-0.00000000
-0.00000000
-0.00000000
-0.00000000
-0.00000000
-0.00000000
-0.00000000
-0.00000000
-0.00000000
-0.00000000
-0.00000000
-0.00000000
-0.00000000
-0.00000000
-0.00000000
-0.00000000
-0.00000000
-0.00000000
-0.00000000
-0.00000000
-0.00000000
-0.00000000
-0.00000000
-0.00000000
-0.00000000
-0.00000000
-0.00000000
-0.00000000
-0.00000000
-0.00000000
-0.00000000
-0.00000000
-0.00000000
-0.00000000
-0.00000000
-0.00000000
-0.00000000
-0.00000000
-0.00000000
-0.00000000
-0.00000000
-0.00000000
-0.00000000
-0.00000000
-0.00000000
-0.00000000
-0.00000000
-0.00000000
-0.00000000
-0.00000000
-0.00000000
-0.00000000
-0.00000000
-0.00000000
-0.00000000
-0.00000000
-0.00000000
-0.00000000
-0.00000000
-0.00000000
-0.00000000
-0.00000000
-0.00000000
-0.00000000
-0.00000000
-0.00000000
-0.00000000
-0.00000000
-0.00000000
-0.00000000
-0.00000000
-0.00000000
-0.00000000
-0.00000000
-0.00000000
-0.00000000
-0.00000000
-0.00000000
-0.00000000
-0.00000000
-0.00000000
-0.00000000
-0.00000000
-0.00000000
-0.00000000
-0.00000000
-0.00000000
-0.00000000
-0.00000000
-0.00000000
-0.00000000
-0.00000000
-0.00000000
-0.00000000
-0.00000000
-0.00000000
-0.00000000
-0.00000000
-0.00000000
-0.00000000
-0.00000000
-0.00000000
-0.00000000
-0.00000000
-0.00000000
-0.00000000
-0.00000000
-0.00000000
-0.00000000
-0.00000000
-0.00000000
-0.00000000
-0.00000000
-0.00000000
-0.00000000
-0.00000000
-0.00000000
-0.00000000
-0.00000000
-0.00000000
-0.00000000
-0.00000000
-0.00000000
-0.00000000
-0.00000000
-0.00000000
-0.00000000
-0.00000000
-0.00000000
-0.00000000
-0.00000000
-0.00000000
-0.00000000
-0.00000000
-0.00000000
-0.00000000
-0.00000000
-0.00000000
-0.00000000
-0.00000000
-0.00000000
-0.00000000
-0.00000000
-0.00000000
-0.00000000
-0.00000000
-0.00000000
-0.00000000
-0.00000000
-0.00000000
-0.00000000
-0.00000000
-0.00000000
-0.00000000
-0.00000000
-0.00000000
-0.00000000
-0.00000000
-0.00000000
-0.00000000
-0.00000000
-0.00000000
-0.00000000
-0.00000000
-0.00000000
-0.00000000
-0.00000000
-0.00000000
-0.00000000
-0.00000000
-0.00000000
-0.00000000
-0.00000000
-0.00000000
-0.00000000
